Total Population, Susceptible, Infected, Immune, Dead
100,79,5,0,16
100,78,2,0,20
100,77,2,0,21
100,77,0,0,23
100,77,0,0,23
100,77,0,0,23
100,77,0,0,23
100,77,0,0,23
100,77,0,0,23
100,77,0,0,23
100,77,0,0,23
100,77,0,0,23
100,77,0,0,23
100,77,0,0,23
100,77,0,0,23
100,77,0,0,23
100,77,0,0,23
100,77,0,0,23
100,77,0,0,23
100,77,0,0,23
100,77,0,0,23
100,77,0,0,23
100,77,0,0,23
100,77,0,0,23
100,77,0,0,23
100,77,0,0,23
100,77,0,0,23
100,77,0,0,23
100,77,0,0,23
100,77,0,0,23